Grid Output Min: [30.4mm 0mm 0mm] Max: [56.45mm 0mm 0mm] Grid Size: [0.05mm 0mm 0mm]
Scalar data "Voltage"
3.0400000000000000e-002 0.0000000000000000e+000 0.0000000000000000e+000  2.0130640024217440e-003
3.0450000000000001e-002 0.0000000000000000e+000 0.0000000000000000e+000  2.0350606646388773e-003
3.0499999999999999e-002 0.0000000000000000e+000 0.0000000000000000e+000  2.0507403166629950e-003
3.0550000000000001e-002 0.0000000000000000e+000 0.0000000000000000e+000  2.0601029584940982e-003
3.0599999999999999e-002 0.0000000000000000e+000 0.0000000000000000e+000  2.0631485901321865e-003
3.0650000000000000e-002 0.0000000000000000e+000 0.0000000000000000e+000  2.0598772115772599e-003
3.0700000000000002e-002 0.0000000000000000e+000 0.0000000000000000e+000  2.0502888228293185e-003
3.0750000000000000e-002 0.0000000000000000e+000 0.0000000000000000e+000  2.0343834238883626e-003
3.0800000000000001e-002 0.0000000000000000e+000 0.0000000000000000e+000  2.0121610147543914e-003
3.0849999999999999e-002 0.0000000000000000e+000 0.0000000000000000e+000  1.9836215954274067e-003
3.0900000000000000e-002 0.0000000000000000e+000 0.0000000000000000e+000  1.9487651659074049e-003
3.0949999999999998e-002 0.0000000000000000e+000 0.0000000000000000e+000  1.9075917261943912e-003
3.1000000000000000e-002 0.0000000000000000e+000 0.0000000000000000e+000  1.8601012762883603e-003
3.1050000000000001e-002 0.0000000000000000e+000 0.0000000000000000e+000  1.8062938161893132e-003
3.1099999999999999e-002 0.0000000000000000e+000 0.0000000000000000e+000  1.7461693458972556e-003
3.1150000000000001e-002 0.0000000000000000e+000 0.0000000000000000e+000  1.7219627012673325e-003
3.1199999999999999e-002 0.0000000000000000e+000 0.0000000000000000e+000  1.7194930251207565e-003
3.1250000000000000e-002 0.0000000000000000e+000 0.0000000000000000e+000  1.7190302116796377e-003
3.1300000000000001e-002 0.0000000000000000e+000 0.0000000000000000e+000  1.7205742609439753e-003
3.1350000000000003e-002 0.0000000000000000e+000 0.0000000000000000e+000  1.7241251729137709e-003
3.1399999999999997e-002 0.0000000000000000e+000 0.0000000000000000e+000  1.7296829475890228e-003
3.1449999999999999e-002 0.0000000000000000e+000 0.0000000000000000e+000  1.7372475849697321e-003
3.1500000000000000e-002 0.0000000000000000e+000 0.0000000000000000e+000  1.7468190850558995e-003
3.1550000000000002e-002 0.0000000000000000e+000 0.0000000000000000e+000  1.7583974478475237e-003
3.1600000000000003e-002 0.0000000000000000e+000 0.0000000000000000e+000  1.7719826733446052e-003
3.1649999999999998e-002 0.0000000000000000e+000 0.0000000000000000e+000  1.7875747615471410e-003
3.1699999999999999e-002 0.0000000000000000e+000 0.0000000000000000e+000  1.8051737124551370e-003
3.1750000000000000e-002 0.0000000000000000e+000 0.0000000000000000e+000  1.8247795260685896e-003
3.1800000000000002e-002 0.0000000000000000e+000 0.0000000000000000e+000  1.8463922023874992e-003
3.1850000000000003e-002 0.0000000000000000e+000 0.0000000000000000e+000  1.8700117414118668e-003
3.1899999999999998e-002 0.0000000000000000e+000 0.0000000000000000e+000  1.8956381431416878e-003
3.1949999999999999e-002 0.0000000000000000e+000 0.0000000000000000e+000  1.9232714075769688e-003
3.2000000000000001e-002 0.0000000000000000e+000 0.0000000000000000e+000  1.9529115347177079e-003
3.2050000000000002e-002 0.0000000000000000e+000 0.0000000000000000e+000  1.9845585245639036e-003
3.2100000000000004e-002 0.0000000000000000e+000 0.0000000000000000e+000  2.0182123771155572e-003
3.2149999999999998e-002 0.0000000000000000e+000 0.0000000000000000e+000  2.0538730923726632e-003
3.2199999999999999e-002 0.0000000000000000e+000 0.0000000000000000e+000  2.0915406703352290e-003
3.2250000000000001e-002 0.0000000000000000e+000 0.0000000000000000e+000  2.1312151110032540e-003
3.2300000000000002e-002 0.0000000000000000e+000 0.0000000000000000e+000  2.1728964143767366e-003
3.2349999999999997e-002 0.0000000000000000e+000 0.0000000000000000e+000  2.2165845804556698e-003
3.2399999999999998e-002 0.0000000000000000e+000 0.0000000000000000e+000  2.2622796092400654e-003
3.2450000000000000e-002 0.0000000000000000e+000 0.0000000000000000e+000  2.3099815007299185e-003
3.2500000000000001e-002 0.0000000000000000e+000 0.0000000000000000e+000  2.3395460116444173e-003
3.2550000000000003e-002 0.0000000000000000e+000 0.0000000000000000e+000  2.3709256970323666e-003
3.2599999999999997e-002 0.0000000000000000e+000 0.0000000000000000e+000  2.4041205568937599e-003
3.2649999999999998e-002 0.0000000000000000e+000 0.0000000000000000e+000  2.4391305912286072e-003
3.2700000000000000e-002 0.0000000000000000e+000 0.0000000000000000e+000  2.4759558000369049e-003
3.2750000000000001e-002 0.0000000000000000e+000 0.0000000000000000e+000  2.5145961833186528e-003
3.2800000000000003e-002 0.0000000000000000e+000 0.0000000000000000e+000  2.5550517410738494e-003
3.2849999999999997e-002 0.0000000000000000e+000 0.0000000000000000e+000  2.5973224733024909e-003
3.2899999999999999e-002 0.0000000000000000e+000 0.0000000000000000e+000  2.6414083800045873e-003
3.2950000000000000e-002 0.0000000000000000e+000 0.0000000000000000e+000  2.6873094611801333e-003
3.3000000000000002e-002 0.0000000000000000e+000 0.0000000000000000e+000  2.7350257168291293e-003
3.3050000000000003e-002 0.0000000000000000e+000 0.0000000000000000e+000  2.7845571469515759e-003
3.3099999999999997e-002 0.0000000000000000e+000 0.0000000000000000e+000  2.8359037515474643e-003
3.3149999999999999e-002 0.0000000000000000e+000 0.0000000000000000e+000  2.8890655306168080e-003
3.3200000000000000e-002 0.0000000000000000e+000 0.0000000000000000e+000  2.9440424841596043e-003
3.3250000000000002e-002 0.0000000000000000e+000 0.0000000000000000e+000  3.0008346121758482e-003
3.3300000000000003e-002 0.0000000000000000e+000 0.0000000000000000e+000  3.0594419146655434e-003
3.3349999999999998e-002 0.0000000000000000e+000 0.0000000000000000e+000  3.1198643916286800e-003
3.3399999999999999e-002 0.0000000000000000e+000 0.0000000000000000e+000  3.1821020430652736e-003
3.3450000000000001e-002 0.0000000000000000e+000 0.0000000000000000e+000  3.2461548689753168e-003
3.3500000000000002e-002 0.0000000000000000e+000 0.0000000000000000e+000  3.3120228693588106e-003
3.3549999999999996e-002 0.0000000000000000e+000 0.0000000000000000e+000  3.3797060442157445e-003
3.3599999999999998e-002 0.0000000000000000e+000 0.0000000000000000e+000  3.4492043935461379e-003
3.3649999999999999e-002 0.0000000000000000e+000 0.0000000000000000e+000  3.5205179173499811e-003
3.3700000000000001e-002 0.0000000000000000e+000 0.0000000000000000e+000  3.5936466156272738e-003
3.3750000000000002e-002 0.0000000000000000e+000 0.0000000000000000e+000  3.6685904883780153e-003
3.3799999999999997e-002 0.0000000000000000e+000 0.0000000000000000e+000  3.7415942479129129e-003
3.3849999999999998e-002 0.0000000000000000e+000 0.0000000000000000e+000  3.8109104207251607e-003
3.3900000000000000e-002 0.0000000000000000e+000 0.0000000000000000e+000  3.8850534892845073e-003
3.3950000000000001e-002 0.0000000000000000e+000 0.0000000000000000e+000  3.9640234535909535e-003
3.4000000000000002e-002 0.0000000000000000e+000 0.0000000000000000e+000  4.0478203136444998e-003
3.4049999999999997e-002 0.0000000000000000e+000 0.0000000000000000e+000  4.1364440694451332e-003
3.4099999999999998e-002 0.0000000000000000e+000 0.0000000000000000e+000  4.2255001644662020e-003
3.4150000000000000e-002 0.0000000000000000e+000 0.0000000000000000e+000  4.3256822536932096e-003
3.4200000000000001e-002 0.0000000000000000e+000 0.0000000000000000e+000  4.4369903371261560e-003
3.4250000000000003e-002 0.0000000000000000e+000 0.0000000000000000e+000  4.5594244147650394e-003
3.4299999999999997e-002 0.0000000000000000e+000 0.0000000000000000e+000  4.6929844866098443e-003
3.4349999999999999e-002 0.0000000000000000e+000 0.0000000000000000e+000  4.8409856244688125e-003
3.4400000000000000e-002 0.0000000000000000e+000 0.0000000000000000e+000  5.0043989140248976e-003
3.4450000000000001e-002 0.0000000000000000e+000 0.0000000000000000e+000  5.1820925436914089e-003
3.4500000000000003e-002 0.0000000000000000e+000 0.0000000000000000e+000  5.3740665134683480e-003
3.4549999999999997e-002 0.0000000000000000e+000 0.0000000000000000e+000  5.5803208233556785e-003
3.4599999999999999e-002 0.0000000000000000e+000 0.0000000000000000e+000  5.8065584817087908e-003
3.4650000000000000e-002 0.0000000000000000e+000 0.0000000000000000e+000  6.0896732611583331e-003
3.4700000000000002e-002 0.0000000000000000e+000 0.0000000000000000e+000  6.4338545271313500e-003
3.4750000000000003e-002 0.0000000000000000e+000 0.0000000000000000e+000  6.8391022796278405e-003
3.4799999999999998e-002 0.0000000000000000e+000 0.0000000000000000e+000  7.3054165186477362e-003
3.4849999999999999e-002 0.0000000000000000e+000 0.0000000000000000e+000  7.8327972441911697e-003
3.4900000000000000e-002 0.0000000000000000e+000 0.0000000000000000e+000  8.6174469543038069e-003
3.4950000000000002e-002 0.0000000000000000e+000 0.0000000000000000e+000  9.4825874257365352e-003
3.5000000000000003e-002 0.0000000000000000e+000 0.0000000000000000e+000  1.0428218658489358e-002
3.5049999999999998e-002 0.0000000000000000e+000 0.0000000000000000e+000  1.1454340652562126e-002
3.5099999999999999e-002 0.0000000000000000e+000 0.0000000000000000e+000  1.2560953407955116e-002
3.5150000000000001e-002 0.0000000000000000e+000 0.0000000000000000e+000  1.3730850997380273e-002
3.5200000000000002e-002 0.0000000000000000e+000 0.0000000000000000e+000  1.4829491992713426e-002
3.5250000000000004e-002 0.0000000000000000e+000 0.0000000000000000e+000  1.5836850479244893e-002
3.5299999999999998e-002 0.0000000000000000e+000 0.0000000000000000e+000  1.6752926456974546e-002
3.5349999999999999e-002 0.0000000000000000e+000 0.0000000000000000e+000  1.7564094569533933e-002
3.5400000000000001e-002 0.0000000000000000e+000 0.0000000000000000e+000  1.8143796254880693e-002
3.5450000000000002e-002 0.0000000000000000e+000 0.0000000000000000e+000  1.8480859696865096e-002
3.5500000000000004e-002 0.0000000000000000e+000 0.0000000000000000e+000  1.8575284895487126e-002
3.5549999999999998e-002 0.0000000000000000e+000 0.0000000000000000e+000  1.8427071850746820e-002
3.5600000000000000e-002 0.0000000000000000e+000 0.0000000000000000e+000  1.7925503180595145e-002
3.5650000000000001e-002 0.0000000000000000e+000 0.0000000000000000e+000  1.7244394496083552e-002
3.5700000000000003e-002 0.0000000000000000e+000 0.0000000000000000e+000  1.6427220805781611e-002
3.5750000000000004e-002 0.0000000000000000e+000 0.0000000000000000e+000  1.5473982109689316e-002
3.5799999999999998e-002 0.0000000000000000e+000 0.0000000000000000e+000  1.4362985570916680e-002
3.5850000000000000e-002 0.0000000000000000e+000 0.0000000000000000e+000  1.3251708447934515e-002
3.5900000000000001e-002 0.0000000000000000e+000 0.0000000000000000e+000  1.2273121462204599e-002
3.5950000000000003e-002 0.0000000000000000e+000 0.0000000000000000e+000  1.1427224613726923e-002
3.5999999999999997e-002 0.0000000000000000e+000 0.0000000000000000e+000  1.0714017902501581e-002
3.6049999999999999e-002 0.0000000000000000e+000 0.0000000000000000e+000  1.0384983010590305e-002
3.6100000000000000e-002 0.0000000000000000e+000 0.0000000000000000e+000  1.0168428893666849e-002
3.6150000000000002e-002 0.0000000000000000e+000 0.0000000000000000e+000  1.0029882425442399e-002
3.6200000000000003e-002 0.0000000000000000e+000 0.0000000000000000e+000  9.9693436059169593e-003
3.6249999999999998e-002 0.0000000000000000e+000 0.0000000000000000e+000  9.9688544869422861e-003
3.6299999999999999e-002 0.0000000000000000e+000 0.0000000000000000e+000  9.9940379150211638e-003
3.6350000000000000e-002 0.0000000000000000e+000 0.0000000000000000e+000  1.0055846069008088e-002
3.6400000000000002e-002 0.0000000000000000e+000 0.0000000000000000e+000  1.0154278948903065e-002
3.6450000000000003e-002 0.0000000000000000e+000 0.0000000000000000e+000  1.0289336554706098e-002
3.6499999999999998e-002 0.0000000000000000e+000 0.0000000000000000e+000  1.0365521646745032e-002
3.6549999999999999e-002 0.0000000000000000e+000 0.0000000000000000e+000  1.0458497194340451e-002
3.6600000000000001e-002 0.0000000000000000e+000 0.0000000000000000e+000  1.0568263197492347e-002
3.6650000000000002e-002 0.0000000000000000e+000 0.0000000000000000e+000  1.0694819656200720e-002
3.6699999999999997e-002 0.0000000000000000e+000 0.0000000000000000e+000  1.0838166570465546e-002
3.6749999999999998e-002 0.0000000000000000e+000 0.0000000000000000e+000  1.0998303940286870e-002
3.6799999999999999e-002 0.0000000000000000e+000 0.0000000000000000e+000  1.1175231765664670e-002
3.6850000000000001e-002 0.0000000000000000e+000 0.0000000000000000e+000  1.1368950046598946e-002
3.6900000000000002e-002 0.0000000000000000e+000 0.0000000000000000e+000  1.1579458783089698e-002
3.6949999999999997e-002 0.0000000000000000e+000 0.0000000000000000e+000  1.1806757975136894e-002
3.6999999999999998e-002 0.0000000000000000e+000 0.0000000000000000e+000  1.2050847622740595e-002
3.7050000000000000e-002 0.0000000000000000e+000 0.0000000000000000e+000  1.2311727725900775e-002
3.7100000000000001e-002 0.0000000000000000e+000 0.0000000000000000e+000  1.2589398284617434e-002
3.7150000000000002e-002 0.0000000000000000e+000 0.0000000000000000e+000  1.2883859298890559e-002
3.7199999999999997e-002 0.0000000000000000e+000 0.0000000000000000e+000  1.3195110768720125e-002
3.7249999999999998e-002 0.0000000000000000e+000 0.0000000000000000e+000  1.3523152694106215e-002
3.7300000000000000e-002 0.0000000000000000e+000 0.0000000000000000e+000  1.3867985075048769e-002
3.7350000000000001e-002 0.0000000000000000e+000 0.0000000000000000e+000  1.4229607911547811e-002
3.7400000000000003e-002 0.0000000000000000e+000 0.0000000000000000e+000  1.4608021203603317e-002
3.7449999999999997e-002 0.0000000000000000e+000 0.0000000000000000e+000  1.5003224951215255e-002
3.7499999999999999e-002 0.0000000000000000e+000 0.0000000000000000e+000  1.5415219154383720e-002
3.7550000000000000e-002 0.0000000000000000e+000 0.0000000000000000e+000  1.5844003813108656e-002
3.7600000000000001e-002 0.0000000000000000e+000 0.0000000000000000e+000  1.6289578927390077e-002
3.7650000000000003e-002 0.0000000000000000e+000 0.0000000000000000e+000  1.6751944497227972e-002
3.7699999999999997e-002 0.0000000000000000e+000 0.0000000000000000e+000  1.7231100522622275e-002
3.7749999999999999e-002 0.0000000000000000e+000 0.0000000000000000e+000  1.7727047003573120e-002
3.7800000000000000e-002 0.0000000000000000e+000 0.0000000000000000e+000  1.8175532044843058e-002
3.7850000000000002e-002 0.0000000000000000e+000 0.0000000000000000e+000  1.8536793887615446e-002
3.7900000000000003e-002 0.0000000000000000e+000 0.0000000000000000e+000  1.8951581390574831e-002
3.7949999999999998e-002 0.0000000000000000e+000 0.0000000000000000e+000  1.9419894553721170e-002
3.7999999999999999e-002 0.0000000000000000e+000 0.0000000000000000e+000  1.9941733377054557e-002
3.8050000000000000e-002 0.0000000000000000e+000 0.0000000000000000e+000  2.0517097860574957e-002
3.8100000000000002e-002 0.0000000000000000e+000 0.0000000000000000e+000  2.1145988004282357e-002
3.8150000000000003e-002 0.0000000000000000e+000 0.0000000000000000e+000  2.1828403808176758e-002
3.8199999999999998e-002 0.0000000000000000e+000 0.0000000000000000e+000  2.2564345272258063e-002
3.8249999999999999e-002 0.0000000000000000e+000 0.0000000000000000e+000  2.3353812396526466e-002
3.8300000000000001e-002 0.0000000000000000e+000 0.0000000000000000e+000  2.4196805180981874e-002
3.8350000000000002e-002 0.0000000000000000e+000 0.0000000000000000e+000  2.5093323625624293e-002
3.8400000000000004e-002 0.0000000000000000e+000 0.0000000000000000e+000  2.6043367730453702e-002
3.8449999999999998e-002 0.0000000000000000e+000 0.0000000000000000e+000  2.7046937495469974e-002
3.8500000000000000e-002 0.0000000000000000e+000 0.0000000000000000e+000  2.8104032920673389e-002
3.8550000000000001e-002 0.0000000000000000e+000 0.0000000000000000e+000  2.9214654006063816e-002
3.8600000000000002e-002 0.0000000000000000e+000 0.0000000000000000e+000  3.0378800751641229e-002
3.8650000000000004e-002 0.0000000000000000e+000 0.0000000000000000e+000  3.1596473157405651e-002
3.8699999999999998e-002 0.0000000000000000e+000 0.0000000000000000e+000  3.2867671223356903e-002
3.8750000000000000e-002 0.0000000000000000e+000 0.0000000000000000e+000  3.4192394949495324e-002
3.8800000000000001e-002 0.0000000000000000e+000 0.0000000000000000e+000  3.5570644335820759e-002
3.8850000000000003e-002 0.0000000000000000e+000 0.0000000000000000e+000  3.7002419382333174e-002
3.8900000000000004e-002 0.0000000000000000e+000 0.0000000000000000e+000  3.8487720089032618e-002
3.8949999999999999e-002 0.0000000000000000e+000 0.0000000000000000e+000  4.0026546455918847e-002
3.9000000000000000e-002 0.0000000000000000e+000 0.0000000000000000e+000  4.1618898482992259e-002
3.9050000000000001e-002 0.0000000000000000e+000 0.0000000000000000e+000  4.3264776170252719e-002
3.9100000000000003e-002 0.0000000000000000e+000 0.0000000000000000e+000  4.4964179517700167e-002
3.9150000000000004e-002 0.0000000000000000e+000 0.0000000000000000e+000  4.7080204654483648e-002
3.9199999999999999e-002 0.0000000000000000e+000 0.0000000000000000e+000  4.9607917550018393e-002
3.9250000000000000e-002 0.0000000000000000e+000 0.0000000000000000e+000  5.2401092946528088e-002
3.9300000000000002e-002 0.0000000000000000e+000 0.0000000000000000e+000  5.5459730844012387e-002
3.9349999999999996e-002 0.0000000000000000e+000 0.0000000000000000e+000  5.8678006082772217e-002
3.9400000000000004e-002 0.0000000000000000e+000 0.0000000000000000e+000  6.1971020810305838e-002
3.9449999999999999e-002 0.0000000000000000e+000 0.0000000000000000e+000  6.5823495388030714e-002
3.9500000000000000e-002 0.0000000000000000e+000 0.0000000000000000e+000  7.0235429815948269e-002
3.9550000000000002e-002 0.0000000000000000e+000 0.0000000000000000e+000  7.5206824094058072e-002
3.9599999999999996e-002 0.0000000000000000e+000 0.0000000000000000e+000  8.0781597094611413e-002
3.9650000000000005e-002 0.0000000000000000e+000 0.0000000000000000e+000  8.7456983923915266e-002
3.9699999999999999e-002 0.0000000000000000e+000 0.0000000000000000e+000  9.5286512048918678e-002
3.9750000000000001e-002 0.0000000000000000e+000 0.0000000000000000e+000  1.0427018146962468e-001
3.9800000000000002e-002 0.0000000000000000e+000 0.0000000000000000e+000  1.1420821379870594e-001
3.9849999999999997e-002 0.0000000000000000e+000 0.0000000000000000e+000  1.2721601724623827e-001
3.9899999999999998e-002 0.0000000000000000e+000 0.0000000000000000e+000  1.4488760590551003e-001
3.9949999999999999e-002 0.0000000000000000e+000 0.0000000000000000e+000  1.7252294719219208e-001
4.0000000000000001e-002 0.0000000000000000e+000 0.0000000000000000e+000  2.0957449972626571e-001
4.0050000000000002e-002 0.0000000000000000e+000 0.0000000000000000e+000  2.4326962828636434e-001
4.0099999999999997e-002 0.0000000000000000e+000 0.0000000000000000e+000  2.7219522837550625e-001
4.0149999999999998e-002 0.0000000000000000e+000 0.0000000000000000e+000  2.9816554114222765e-001
4.0200000000000000e-002 0.0000000000000000e+000 0.0000000000000000e+000  3.2258512079715140e-001
4.0250000000000001e-002 0.0000000000000000e+000 0.0000000000000000e+000  3.4584828376769161e-001
4.0300000000000002e-002 0.0000000000000000e+000 0.0000000000000000e+000  3.6854213975369371e-001
4.0349999999999997e-002 0.0000000000000000e+000 0.0000000000000000e+000  3.9112909227609044e-001
4.0399999999999998e-002 0.0000000000000000e+000 0.0000000000000000e+000  4.1360914133488824e-001
4.0450000000000000e-002 0.0000000000000000e+000 0.0000000000000000e+000  4.3598228693008423e-001
4.0500000000000001e-002 0.0000000000000000e+000 0.0000000000000000e+000  4.5865808762610238e-001
4.0550000000000003e-002 0.0000000000000000e+000 0.0000000000000000e+000  4.8210521787405614e-001
4.0599999999999997e-002 0.0000000000000000e+000 0.0000000000000000e+000  5.0632367767394193e-001
4.0649999999999999e-002 0.0000000000000000e+000 0.0000000000000000e+000  5.3131346702576621e-001
4.0700000000000000e-002 0.0000000000000000e+000 0.0000000000000000e+000  5.5760564282537928e-001
4.0750000000000001e-002 0.0000000000000000e+000 0.0000000000000000e+000  5.8731694281103208e-001
4.0800000000000003e-002 0.0000000000000000e+000 0.0000000000000000e+000  6.2065764978530680e-001
4.0849999999999997e-002 0.0000000000000000e+000 0.0000000000000000e+000  6.5762776374819798e-001
4.0899999999999999e-002 0.0000000000000000e+000 0.0000000000000000e+000  6.9875579237941110e-001
4.0950000000000000e-002 0.0000000000000000e+000 0.0000000000000000e+000  7.4620163440704346e-001
4.1000000000000002e-002 0.0000000000000000e+000 0.0000000000000000e+000  7.8393833853304817e-001
4.1050000000000003e-002 0.0000000000000000e+000 0.0000000000000000e+000  8.0817492485046039e-001
4.1099999999999998e-002 0.0000000000000000e+000 0.0000000000000000e+000  8.2528681151568062e-001
4.1149999999999999e-002 0.0000000000000000e+000 0.0000000000000000e+000  8.3864400386809623e-001
4.1200000000000001e-002 0.0000000000000000e+000 0.0000000000000000e+000  8.5017292946576617e-001
4.1250000000000002e-002 0.0000000000000000e+000 0.0000000000000000e+000  8.5983753204345437e-001
4.1300000000000003e-002 0.0000000000000000e+000 0.0000000000000000e+000  8.6763781160116071e-001
4.1349999999999998e-002 0.0000000000000000e+000 0.0000000000000000e+000  8.7375879734754447e-001
4.1399999999999999e-002 0.0000000000000000e+000 0.0000000000000000e+000  8.7943434156477385e-001
4.1450000000000001e-002 0.0000000000000000e+000 0.0000000000000000e+000  8.8450765609741244e-001
4.1500000000000002e-002 0.0000000000000000e+000 0.0000000000000000e+000  8.8897874094545926e-001
4.1550000000000004e-002 0.0000000000000000e+000 0.0000000000000000e+000  8.9284759610891451e-001
4.1599999999999998e-002 0.0000000000000000e+000 0.0000000000000000e+000  8.9646455138921843e-001
4.1650000000000000e-002 0.0000000000000000e+000 0.0000000000000000e+000  8.9979269266128670e-001
4.1700000000000001e-002 0.0000000000000000e+000 0.0000000000000000e+000  9.0275859087705779e-001
4.1750000000000002e-002 0.0000000000000000e+000 0.0000000000000000e+000  9.0536224603653115e-001
4.1800000000000004e-002 0.0000000000000000e+000 0.0000000000000000e+000  9.0755126185715385e-001
4.1849999999999998e-002 0.0000000000000000e+000 0.0000000000000000e+000  9.0945353031158582e-001
4.1900000000000000e-002 0.0000000000000000e+000 0.0000000000000000e+000  9.1126398809254250e-001
4.1950000000000001e-002 0.0000000000000000e+000 0.0000000000000000e+000  9.1298263520002487e-001
4.2000000000000003e-002 0.0000000000000000e+000 0.0000000000000000e+000  9.1460947163403139e-001
4.2050000000000004e-002 0.0000000000000000e+000 0.0000000000000000e+000  9.1614449739456272e-001
4.2099999999999999e-002 0.0000000000000000e+000 0.0000000000000000e+000  9.1758771248161852e-001
4.2150000000000000e-002 0.0000000000000000e+000 0.0000000000000000e+000  9.1893911689519925e-001
4.2200000000000001e-002 0.0000000000000000e+000 0.0000000000000000e+000  9.2019871063530501e-001
4.2250000000000003e-002 0.0000000000000000e+000 0.0000000000000000e+000  9.2136649370193524e-001
4.2300000000000004e-002 0.0000000000000000e+000 0.0000000000000000e+000  9.2244246609509051e-001
4.2349999999999999e-002 0.0000000000000000e+000 0.0000000000000000e+000  9.2342662781477003e-001
4.2400000000000000e-002 0.0000000000000000e+000 0.0000000000000000e+000  9.2431897886097436e-001
4.2450000000000002e-002 0.0000000000000000e+000 0.0000000000000000e+000  9.2511951923370361e-001
4.2500000000000003e-002 0.0000000000000000e+000 0.0000000000000000e+000  9.2582824893295745e-001
4.2550000000000004e-002 0.0000000000000000e+000 0.0000000000000000e+000  9.2644516795873633e-001
4.2599999999999999e-002 0.0000000000000000e+000 0.0000000000000000e+000  9.2697027631103979e-001
4.2650000000000000e-002 0.0000000000000000e+000 0.0000000000000000e+000  9.2740357398986806e-001
4.2700000000000002e-002 0.0000000000000000e+000 0.0000000000000000e+000  9.2774506099522092e-001
4.2749999999999996e-002 0.0000000000000000e+000 0.0000000000000000e+000  9.2799473732709870e-001
4.2800000000000005e-002 0.0000000000000000e+000 0.0000000000000000e+000  9.2815260298550128e-001
4.2849999999999999e-002 0.0000000000000000e+000 0.0000000000000000e+000  9.2821865797042835e-001
4.2900000000000001e-002 0.0000000000000000e+000 0.0000000000000000e+000  9.2819290228188034e-001
4.2950000000000002e-002 0.0000000000000000e+000 0.0000000000000000e+000  9.2807533591985725e-001
4.2999999999999997e-002 0.0000000000000000e+000 0.0000000000000000e+000  9.2786595888435819e-001
4.3049999999999998e-002 0.0000000000000000e+000 0.0000000000000000e+000  9.2756477117538472e-001
4.3099999999999999e-002 0.0000000000000000e+000 0.0000000000000000e+000  9.2717177279293572e-001
4.3150000000000001e-002 0.0000000000000000e+000 0.0000000000000000e+000  9.2702277690172230e-001
4.3200000000000002e-002 0.0000000000000000e+000 0.0000000000000000e+000  9.2693935148417950e-001
4.3249999999999997e-002 0.0000000000000000e+000 0.0000000000000000e+000  9.2675148487091064e-001
4.3299999999999998e-002 0.0000000000000000e+000 0.0000000000000000e+000  9.2645917706191561e-001
4.3350000000000000e-002 0.0000000000000000e+000 0.0000000000000000e+000  9.2605689078569420e-001
4.3400000000000001e-002 0.0000000000000000e+000 0.0000000000000000e+000  9.2552857004106004e-001
4.3450000000000003e-002 0.0000000000000000e+000 0.0000000000000000e+000  9.2489218711853016e-001
4.3499999999999997e-002 0.0000000000000000e+000 0.0000000000000000e+000  9.2414774201810324e-001
4.3549999999999998e-002 0.0000000000000000e+000 0.0000000000000000e+000  9.2329523473978026e-001
4.3600000000000000e-002 0.0000000000000000e+000 0.0000000000000000e+000  9.2245892025530307e-001
4.3650000000000001e-002 0.0000000000000000e+000 0.0000000000000000e+000  9.2152534723281809e-001
4.3700000000000003e-002 0.0000000000000000e+000 0.0000000000000000e+000  9.2045592702925150e-001
4.3749999999999997e-002 0.0000000000000000e+000 0.0000000000000000e+000  9.1925065964460306e-001
4.3799999999999999e-002 0.0000000000000000e+000 0.0000000000000000e+000  9.1798433557152659e-001
4.3850000000000000e-002 0.0000000000000000e+000 0.0000000000000000e+000  9.1669544696807870e-001
4.3900000000000002e-002 0.0000000000000000e+000 0.0000000000000000e+000  9.1521626368165054e-001
4.3950000000000003e-002 0.0000000000000000e+000 0.0000000000000000e+000  9.1354678571224279e-001
4.3999999999999997e-002 0.0000000000000000e+000 0.0000000000000000e+000  9.1168701305985633e-001
4.4049999999999999e-002 0.0000000000000000e+000 0.0000000000000000e+000  9.0976889371872138e-001
4.4100000000000000e-002 0.0000000000000000e+000 0.0000000000000000e+000  9.0764527149498608e-001
4.4150000000000002e-002 0.0000000000000000e+000 0.0000000000000000e+000  9.0529778808355466e-001
4.4200000000000003e-002 0.0000000000000000e+000 0.0000000000000000e+000  9.0272644348442699e-001
4.4249999999999998e-002 0.0000000000000000e+000 0.0000000000000000e+000  9.0000949144363540e-001
4.4299999999999999e-002 0.0000000000000000e+000 0.0000000000000000e+000  8.9701881766319425e-001
4.4350000000000001e-002 0.0000000000000000e+000 0.0000000000000000e+000  8.9359980583190990e-001
4.4400000000000002e-002 0.0000000000000000e+000 0.0000000000000000e+000  8.8975245594978358e-001
4.4450000000000003e-002 0.0000000000000000e+000 0.0000000000000000e+000  8.8547676801681519e-001
4.4499999999999998e-002 0.0000000000000000e+000 0.0000000000000000e+000  8.8039479732513426e-001
4.4549999999999999e-002 0.0000000000000000e+000 0.0000000000000000e+000  8.7424758195876973e-001
4.4600000000000001e-002 0.0000000000000000e+000 0.0000000000000000e+000  8.6703512191772270e-001
4.4650000000000002e-002 0.0000000000000000e+000 0.0000000000000000e+000  8.5875741720199250e-001
4.4700000000000004e-002 0.0000000000000000e+000 0.0000000000000000e+000  8.5027217492460760e-001
4.4749999999999998e-002 0.0000000000000000e+000 0.0000000000000000e+000  8.3941590845584191e-001
4.4800000000000000e-002 0.0000000000000000e+000 0.0000000000000000e+000  8.2493332490323812e-001
4.4850000000000001e-002 0.0000000000000000e+000 0.0000000000000000e+000  8.0682442426679835e-001
4.4900000000000002e-002 0.0000000000000000e+000 0.0000000000000000e+000  7.8459972441194181e-001
4.4950000000000004e-002 0.0000000000000000e+000 0.0000000000000000e+000  7.4907010793685591e-001
4.4999999999999998e-002 0.0000000000000000e+000 0.0000000000000000e+000  7.0127380840479636e-001
4.5050000000000000e-002 0.0000000000000000e+000 0.0000000000000000e+000  6.5709510326386256e-001
4.5100000000000001e-002 0.0000000000000000e+000 0.0000000000000000e+000  6.2053940735759150e-001
4.5150000000000003e-002 0.0000000000000000e+000 0.0000000000000000e+000  5.8930956378580834e-001
4.5200000000000004e-002 0.0000000000000000e+000 0.0000000000000000e+000  5.6033614184708624e-001
4.5249999999999999e-002 0.0000000000000000e+000 0.0000000000000000e+000  5.3297793745995747e-001
4.5300000000000000e-002 0.0000000000000000e+000 0.0000000000000000e+000  5.0723495062441415e-001
4.5350000000000001e-002 0.0000000000000000e+000 0.0000000000000000e+000  4.8308796823025191e-001
4.5400000000000003e-002 0.0000000000000000e+000 0.0000000000000000e+000  4.5968870133161666e-001
4.5450000000000004e-002 0.0000000000000000e+000 0.0000000000000000e+000  4.3659514188766319e-001
4.5499999999999999e-002 0.0000000000000000e+000 0.0000000000000000e+000  4.1380728989839405e-001
4.5550000000000000e-002 0.0000000000000000e+000 0.0000000000000000e+000  3.9132514536380347e-001
4.5600000000000002e-002 0.0000000000000000e+000 0.0000000000000000e+000  3.6922594167291412e-001
4.5650000000000003e-002 0.0000000000000000e+000 0.0000000000000000e+000  3.4644944548605838e-001
4.5700000000000005e-002 0.0000000000000000e+000 0.0000000000000000e+000  3.2284795679150635e-001
4.5749999999999999e-002 0.0000000000000000e+000 0.0000000000000000e+000  2.9842147558926146e-001
4.5800000000000000e-002 0.0000000000000000e+000 0.0000000000000000e+000  2.7269249036906806e-001
4.5850000000000002e-002 0.0000000000000000e+000 0.0000000000000000e+000  2.4372839927673340e-001
4.5899999999999996e-002 0.0000000000000000e+000 0.0000000000000000e+000  2.1027620136734471e-001
4.5950000000000005e-002 0.0000000000000000e+000 0.0000000000000000e+000  1.7267753183852494e-001
4.5999999999999999e-002 0.0000000000000000e+000 0.0000000000000000e+000  1.4544357359408272e-001
4.6050000000000001e-002 0.0000000000000000e+000 0.0000000000000000e+000  1.2793321907520294e-001
4.6100000000000002e-002 0.0000000000000000e+000 0.0000000000000000e+000  1.1497475084615985e-001
4.6149999999999997e-002 0.0000000000000000e+000 0.0000000000000000e+000  1.0376311629079624e-001
4.6200000000000005e-002 0.0000000000000000e+000 0.0000000000000000e+000  9.4298315409107727e-002
4.6249999999999999e-002 0.0000000000000000e+000 0.0000000000000000e+000  8.6580348201099652e-002
4.6300000000000001e-002 0.0000000000000000e+000 0.0000000000000000e+000  8.0609214666768320e-002
4.6350000000000002e-002 0.0000000000000000e+000 0.0000000000000000e+000  7.5425853487106620e-002
4.6399999999999997e-002 0.0000000000000000e+000 0.0000000000000000e+000  7.0473263855093851e-002
4.6450000000000005e-002 0.0000000000000000e+000 0.0000000000000000e+000  6.6023670136928253e-002
4.6500000000000000e-002 0.0000000000000000e+000 0.0000000000000000e+000  6.2077072332612435e-002
4.6550000000000001e-002 0.0000000000000000e+000 0.0000000000000000e+000  5.8633470442144564e-002
4.6600000000000003e-002 0.0000000000000000e+000 0.0000000000000000e+000  5.5592867021912705e-002
4.6649999999999997e-002 0.0000000000000000e+000 0.0000000000000000e+000  5.2682782523332958e-002
4.6700000000000005e-002 0.0000000000000000e+000 0.0000000000000000e+000  5.0016970781142693e-002
4.6750000000000000e-002 0.0000000000000000e+000 0.0000000000000000e+000  4.7595431795343313e-002
4.6800000000000001e-002 0.0000000000000000e+000 0.0000000000000000e+000  4.5418165565933838e-002
4.6850000000000003e-002 0.0000000000000000e+000 0.0000000000000000e+000  4.3485172092914581e-002
4.6899999999999997e-002 0.0000000000000000e+000 0.0000000000000000e+000  4.1517762525473234e-002
4.6950000000000006e-002 0.0000000000000000e+000 0.0000000000000000e+000  3.9726348826662025e-002
4.7000000000000000e-002 0.0000000000000000e+000 0.0000000000000000e+000  3.8110930996481995e-002
4.7050000000000002e-002 0.0000000000000000e+000 0.0000000000000000e+000  3.6671509034932374e-002
4.7100000000000003e-002 0.0000000000000000e+000 0.0000000000000000e+000  3.5408082942013419e-002
4.7149999999999997e-002 0.0000000000000000e+000 0.0000000000000000e+000  3.4139343174175413e-002
4.7200000000000006e-002 0.0000000000000000e+000 0.0000000000000000e+000  3.2848029455636404e-002
4.7250000000000000e-002 0.0000000000000000e+000 0.0000000000000000e+000  3.1603213548661066e-002
4.7300000000000002e-002 0.0000000000000000e+000 0.0000000000000000e+000  3.0404895453248853e-002
4.7350000000000003e-002 0.0000000000000000e+000 0.0000000000000000e+000  2.9253075169399966e-002
4.7399999999999998e-002 0.0000000000000000e+000 0.0000000000000000e+000  2.8147752697114559e-002
4.7449999999999999e-002 0.0000000000000000e+000 0.0000000000000000e+000  2.7088928036392304e-002
4.7500000000000001e-002 0.0000000000000000e+000 0.0000000000000000e+000  2.6076601187233369e-002
4.7550000000000002e-002 0.0000000000000000e+000 0.0000000000000000e+000  2.5110772149637760e-002
4.7600000000000003e-002 0.0000000000000000e+000 0.0000000000000000e+000  2.4191440923605451e-002
4.7649999999999998e-002 0.0000000000000000e+000 0.0000000000000000e+000  2.3318607509136592e-002
4.7699999999999999e-002 0.0000000000000000e+000 0.0000000000000000e+000  2.2492271906230932e-002
4.7750000000000001e-002 0.0000000000000000e+000 0.0000000000000000e+000  2.1712434114888570e-002
4.7800000000000002e-002 0.0000000000000000e+000 0.0000000000000000e+000  2.0979094135109552e-002
4.7850000000000004e-002 0.0000000000000000e+000 0.0000000000000000e+000  2.0292251966893837e-002
4.7899999999999998e-002 0.0000000000000000e+000 0.0000000000000000e+000  1.9651907610241527e-002
4.7950000000000000e-002 0.0000000000000000e+000 0.0000000000000000e+000  1.9058061065152440e-002
4.8000000000000001e-002 0.0000000000000000e+000 0.0000000000000000e+000  1.8510712331626683e-002
4.8050000000000002e-002 0.0000000000000000e+000 0.0000000000000000e+000  1.8009861409664235e-002
4.8100000000000004e-002 0.0000000000000000e+000 0.0000000000000000e+000  1.7555508299265107e-002
4.8149999999999998e-002 0.0000000000000000e+000 0.0000000000000000e+000  1.7147653000429350e-002
4.8200000000000000e-002 0.0000000000000000e+000 0.0000000000000000e+000  1.6786295513156847e-002
4.8250000000000001e-002 0.0000000000000000e+000 0.0000000000000000e+000  1.6471435837447670e-002
4.8299999999999996e-002 0.0000000000000000e+000 0.0000000000000000e+000  1.6203073973301840e-002
4.8350000000000004e-002 0.0000000000000000e+000 0.0000000000000000e+000  1.5981209920719261e-002
4.8399999999999999e-002 0.0000000000000000e+000 0.0000000000000000e+000  1.5805843679700053e-002
4.8450000000000000e-002 0.0000000000000000e+000 0.0000000000000000e+000  1.5676975250244141e-002
4.8500000000000001e-002 0.0000000000000000e+000 0.0000000000000000e+000  1.5191049014974825e-002
4.8549999999999996e-002 0.0000000000000000e+000 0.0000000000000000e+000  1.4722367922076969e-002
4.8600000000000004e-002 0.0000000000000000e+000 0.0000000000000000e+000  1.4270931971550379e-002
4.8649999999999999e-002 0.0000000000000000e+000 0.0000000000000000e+000  1.3836741163395311e-002
4.8700000000000000e-002 0.0000000000000000e+000 0.0000000000000000e+000  1.3419795497611573e-002
4.8750000000000002e-002 0.0000000000000000e+000 0.0000000000000000e+000  1.3020094974199235e-002
4.8799999999999996e-002 0.0000000000000000e+000 0.0000000000000000e+000  1.2637639593158341e-002
4.8850000000000005e-002 0.0000000000000000e+000 0.0000000000000000e+000  1.2272429354488738e-002
4.8899999999999999e-002 0.0000000000000000e+000 0.0000000000000000e+000  1.1924464258190633e-002
4.8950000000000000e-002 0.0000000000000000e+000 0.0000000000000000e+000  1.1593744304263874e-002
4.9000000000000002e-002 0.0000000000000000e+000 0.0000000000000000e+000  1.1280269492708510e-002
4.9049999999999996e-002 0.0000000000000000e+000 0.0000000000000000e+000  1.0984039823524581e-002
4.9100000000000005e-002 0.0000000000000000e+000 0.0000000000000000e+000  1.0705055296711971e-002
4.9149999999999999e-002 0.0000000000000000e+000 0.0000000000000000e+000  1.0443315912270820e-002
4.9200000000000001e-002 0.0000000000000000e+000 0.0000000000000000e+000  1.0198821670201043e-002
4.9250000000000002e-002 0.0000000000000000e+000 0.0000000000000000e+000  9.9715725705026518e-003
4.9299999999999997e-002 0.0000000000000000e+000 0.0000000000000000e+000  9.7615686131756856e-003
4.9350000000000005e-002 0.0000000000000000e+000 0.0000000000000000e+000  9.5688097982200640e-003
4.9399999999999999e-002 0.0000000000000000e+000 0.0000000000000000e+000  9.3932961256358843e-003
4.9450000000000001e-002 0.0000000000000000e+000 0.0000000000000000e+000  9.2350275954230770e-003
4.9500000000000002e-002 0.0000000000000000e+000 0.0000000000000000e+000  9.0940042075816664e-003
4.9549999999999997e-002 0.0000000000000000e+000 0.0000000000000000e+000  8.9702259621116630e-003
4.9600000000000005e-002 0.0000000000000000e+000 0.0000000000000000e+000  8.8636928590130268e-003
4.9650000000000000e-002 0.0000000000000000e+000 0.0000000000000000e+000  8.7744048982858168e-003
4.9700000000000001e-002 0.0000000000000000e+000 0.0000000000000000e+000  8.7023620799299827e-003
4.9750000000000003e-002 0.0000000000000000e+000 0.0000000000000000e+000  8.6475644039455454e-003
4.9799999999999997e-002 0.0000000000000000e+000 0.0000000000000000e+000  8.8197923485135235e-003
4.9850000000000005e-002 0.0000000000000000e+000 0.0000000000000000e+000  9.3812404223721762e-003
4.9900000000000000e-002 0.0000000000000000e+000 0.0000000000000000e+000  9.8885546844397244e-003
4.9950000000000001e-002 0.0000000000000000e+000 0.0000000000000000e+000  1.0341735134716390e-002
5.0000000000000003e-002 0.0000000000000000e+000 0.0000000000000000e+000  1.0740781773202092e-002
5.0049999999999997e-002 0.0000000000000000e+000 0.0000000000000000e+000  1.1085694599896792e-002
5.0100000000000006e-002 0.0000000000000000e+000 0.0000000000000000e+000  1.1376473614800623e-002
5.0150000000000000e-002 0.0000000000000000e+000 0.0000000000000000e+000  1.1613118817913418e-002
5.0200000000000002e-002 0.0000000000000000e+000 0.0000000000000000e+000  1.1795630209235294e-002
5.0250000000000003e-002 0.0000000000000000e+000 0.0000000000000000e+000  1.1924007788766205e-002
5.0299999999999997e-002 0.0000000000000000e+000 0.0000000000000000e+000  1.1998251556506153e-002
5.0350000000000006e-002 0.0000000000000000e+000 0.0000000000000000e+000  1.2018361512455158e-002
5.0400000000000000e-002 0.0000000000000000e+000 0.0000000000000000e+000  1.1984337656613201e-002
5.0450000000000002e-002 0.0000000000000000e+000 0.0000000000000000e+000  1.1896179988980285e-002
5.0500000000000003e-002 0.0000000000000000e+000 0.0000000000000000e+000  1.1753888509556408e-002
5.0549999999999998e-002 0.0000000000000000e+000 0.0000000000000000e+000  1.1557463218341609e-002
5.0600000000000006e-002 0.0000000000000000e+000 0.0000000000000000e+000  1.1306904115335786e-002
5.0650000000000001e-002 0.0000000000000000e+000 0.0000000000000000e+000  1.1002211200539075e-002
5.0700000000000002e-002 0.0000000000000000e+000 0.0000000000000000e+000  1.0643384473951370e-002
5.0750000000000003e-002 0.0000000000000000e+000 0.0000000000000000e+000  1.0230423935572707e-002
5.0799999999999998e-002 0.0000000000000000e+000 0.0000000000000000e+000  9.7633295854031524e-003
5.0849999999999999e-002 0.0000000000000000e+000 0.0000000000000000e+000  9.2421014234425770e-003
5.0900000000000001e-002 0.0000000000000000e+000 0.0000000000000000e+000  8.6667394496910410e-003
5.0950000000000002e-002 0.0000000000000000e+000 0.0000000000000000e+000  8.0372436641485481e-003
5.1000000000000004e-002 0.0000000000000000e+000 0.0000000000000000e+000  7.3536140668150948e-003
5.1049999999999998e-002 0.0000000000000000e+000 0.0000000000000000e+000  6.6158506576907885e-003
5.1100000000000000e-002 0.0000000000000000e+000 0.0000000000000000e+000  5.8239534367754246e-003
5.1150000000000001e-002 0.0000000000000000e+000 0.0000000000000000e+000  5.4467665962875814e-003
5.1200000000000002e-002 0.0000000000000000e+000 0.0000000000000000e+000  5.2989344112575861e-003
5.1250000000000004e-002 0.0000000000000000e+000 0.0000000000000000e+000  5.1558480598033170e-003
5.1299999999999998e-002 0.0000000000000000e+000 0.0000000000000000e+000  5.0175075419247933e-003
5.1350000000000000e-002 0.0000000000000000e+000 0.0000000000000000e+000  4.8839128576219758e-003
5.1400000000000001e-002 0.0000000000000000e+000 0.0000000000000000e+000  4.7550640068948855e-003
5.1450000000000003e-002 0.0000000000000000e+000 0.0000000000000000e+000  4.6309609897435206e-003
5.1500000000000004e-002 0.0000000000000000e+000 0.0000000000000000e+000  4.5116038061678828e-003
5.1549999999999999e-002 0.0000000000000000e+000 0.0000000000000000e+000  4.3969924561679859e-003
5.1600000000000000e-002 0.0000000000000000e+000 0.0000000000000000e+000  4.2871269397437971e-003
5.1650000000000001e-002 0.0000000000000000e+000 0.0000000000000000e+000  4.1820072568953381e-003
5.1699999999999996e-002 0.0000000000000000e+000 0.0000000000000000e+000  4.0816334076226165e-003
5.1750000000000004e-002 0.0000000000000000e+000 0.0000000000000000e+000  3.9860053919255943e-003
5.1799999999999999e-002 0.0000000000000000e+000 0.0000000000000000e+000  3.8951232098043236e-003
5.1850000000000000e-002 0.0000000000000000e+000 0.0000000000000000e+000  3.8089868612587660e-003
5.1900000000000002e-002 0.0000000000000000e+000 0.0000000000000000e+000  3.7275963462889338e-003
5.1949999999999996e-002 0.0000000000000000e+000 0.0000000000000000e+000  3.6509516648948392e-003
5.2000000000000005e-002 0.0000000000000000e+000 0.0000000000000000e+000  3.5790528170764500e-003
5.2049999999999999e-002 0.0000000000000000e+000 0.0000000000000000e+000  3.5118998028338066e-003
5.2100000000000000e-002 0.0000000000000000e+000 0.0000000000000000e+000  3.4494926221668785e-003
5.2150000000000002e-002 0.0000000000000000e+000 0.0000000000000000e+000  3.3918312750756772e-003
5.2199999999999996e-002 0.0000000000000000e+000 0.0000000000000000e+000  3.3389157615602086e-003
5.2250000000000005e-002 0.0000000000000000e+000 0.0000000000000000e+000  3.2907460816204524e-003
5.2299999999999999e-002 0.0000000000000000e+000 0.0000000000000000e+000  3.2473222352564350e-003
5.2350000000000001e-002 0.0000000000000000e+000 0.0000000000000000e+000  3.2086442224681369e-003
5.2400000000000002e-002 0.0000000000000000e+000 0.0000000000000000e+000  3.1747120432555650e-003
5.2449999999999997e-002 0.0000000000000000e+000 0.0000000000000000e+000  3.1455256976187229e-003
5.2500000000000005e-002 0.0000000000000000e+000 0.0000000000000000e+000  3.0823945558222368e-003
5.2549999999999999e-002 0.0000000000000000e+000 0.0000000000000000e+000  3.0210375302703995e-003
5.2600000000000001e-002 0.0000000000000000e+000 0.0000000000000000e+000  2.9614546209631868e-003
5.2650000000000002e-002 0.0000000000000000e+000 0.0000000000000000e+000  2.9036458279006068e-003
5.2699999999999997e-002 0.0000000000000000e+000 0.0000000000000000e+000  2.8476111510826680e-003
5.2750000000000005e-002 0.0000000000000000e+000 0.0000000000000000e+000  2.7933505905093463e-003
5.2800000000000000e-002 0.0000000000000000e+000 0.0000000000000000e+000  2.7408641461806717e-003
5.2850000000000001e-002 0.0000000000000000e+000 0.0000000000000000e+000  2.6901518180966247e-003
5.2900000000000003e-002 0.0000000000000000e+000 0.0000000000000000e+000  2.6412136062572088e-003
5.2949999999999997e-002 0.0000000000000000e+000 0.0000000000000000e+000  2.5940495106624335e-003
5.3000000000000005e-002 0.0000000000000000e+000 0.0000000000000000e+000  2.5486595313122767e-003
5.3050000000000000e-002 0.0000000000000000e+000 0.0000000000000000e+000  2.5050436682067670e-003
5.3100000000000001e-002 0.0000000000000000e+000 0.0000000000000000e+000  2.4632019213458832e-003
5.3150000000000003e-002 0.0000000000000000e+000 0.0000000000000000e+000  2.4231342907296322e-003
5.3199999999999997e-002 0.0000000000000000e+000 0.0000000000000000e+000  2.3848407763580209e-003
5.3250000000000006e-002 0.0000000000000000e+000 0.0000000000000000e+000  2.3483213782310294e-003
5.3300000000000000e-002 0.0000000000000000e+000 0.0000000000000000e+000  2.3135760963486820e-003
5.3350000000000002e-002 0.0000000000000000e+000 0.0000000000000000e+000  2.2806049307109630e-003
5.3400000000000003e-002 0.0000000000000000e+000 0.0000000000000000e+000  2.2494078813178765e-003
5.3449999999999998e-002 0.0000000000000000e+000 0.0000000000000000e+000  2.2199849481694266e-003
5.3500000000000006e-002 0.0000000000000000e+000 0.0000000000000000e+000  2.1923361312656021e-003
5.3550000000000000e-002 0.0000000000000000e+000 0.0000000000000000e+000  2.1664614306064183e-003
5.3600000000000002e-002 0.0000000000000000e+000 0.0000000000000000e+000  2.1423608461918634e-003
5.3650000000000003e-002 0.0000000000000000e+000 0.0000000000000000e+000  2.1200343780219425e-003
5.3699999999999998e-002 0.0000000000000000e+000 0.0000000000000000e+000  2.0994820260966554e-003
5.3750000000000006e-002 0.0000000000000000e+000 0.0000000000000000e+000  2.0807037904159963e-003
5.3800000000000001e-002 0.0000000000000000e+000 0.0000000000000000e+000  2.0540590819291254e-003
5.3850000000000002e-002 0.0000000000000000e+000 0.0000000000000000e+000  2.0111474778968588e-003
5.3900000000000003e-002 0.0000000000000000e+000 0.0000000000000000e+000  1.9718702395766512e-003
5.3949999999999998e-002 0.0000000000000000e+000 0.0000000000000000e+000  1.9362273669685094e-003
5.3999999999999999e-002 0.0000000000000000e+000 0.0000000000000000e+000  1.9042188600724205e-003
5.4050000000000001e-002 0.0000000000000000e+000 0.0000000000000000e+000  1.8758447188883917e-003
5.4100000000000002e-002 0.0000000000000000e+000 0.0000000000000000e+000  1.8511049434164224e-003
5.4150000000000004e-002 0.0000000000000000e+000 0.0000000000000000e+000  1.8299995336565123e-003
5.4199999999999998e-002 0.0000000000000000e+000 0.0000000000000000e+000  1.8125284896086638e-003
5.4250000000000000e-002 0.0000000000000000e+000 0.0000000000000000e+000  1.7986918112728725e-003
5.4300000000000001e-002 0.0000000000000000e+000 0.0000000000000000e+000  1.7884894986491407e-003
5.4350000000000002e-002 0.0000000000000000e+000 0.0000000000000000e+000  1.7819215517374683e-003
5.4400000000000004e-002 0.0000000000000000e+000 0.0000000000000000e+000  1.7789879705378550e-003
5.4449999999999998e-002 0.0000000000000000e+000 0.0000000000000000e+000  1.7796887550503013e-003
5.4500000000000000e-002 0.0000000000000000e+000 0.0000000000000000e+000  1.7840239052748068e-003
5.4550000000000001e-002 0.0000000000000000e+000 0.0000000000000000e+000  1.7919934212113722e-003
5.4600000000000003e-002 0.0000000000000000e+000 0.0000000000000000e+000  1.8035973028599967e-003
5.4650000000000004e-002 0.0000000000000000e+000 0.0000000000000000e+000  1.8188355502206802e-003
5.4699999999999999e-002 0.0000000000000000e+000 0.0000000000000000e+000  1.8377081632934215e-003
5.4750000000000000e-002 0.0000000000000000e+000 0.0000000000000000e+000  1.8602151420782239e-003
5.4800000000000001e-002 0.0000000000000000e+000 0.0000000000000000e+000  1.8863564865750858e-003
5.4849999999999996e-002 0.0000000000000000e+000 0.0000000000000000e+000  1.9161321967840035e-003
5.4900000000000004e-002 0.0000000000000000e+000 0.0000000000000000e+000  1.9495422727049882e-003
5.4949999999999999e-002 0.0000000000000000e+000 0.0000000000000000e+000  1.9865867143380239e-003
5.5000000000000000e-002 0.0000000000000000e+000 0.0000000000000000e+000  2.0272655216831224e-003
5.5050000000000002e-002 0.0000000000000000e+000 0.0000000000000000e+000  2.0715786947402824e-003
5.5099999999999996e-002 0.0000000000000000e+000 0.0000000000000000e+000  2.1195262335094939e-003
5.5150000000000005e-002 0.0000000000000000e+000 0.0000000000000000e+000  2.1314749655721300e-003
5.5199999999999999e-002 0.0000000000000000e+000 0.0000000000000000e+000  2.1219631116764582e-003
5.5250000000000000e-002 0.0000000000000000e+000 0.0000000000000000e+000  2.1097515849396674e-003
5.5300000000000002e-002 0.0000000000000000e+000 0.0000000000000000e+000  2.0948403853617583e-003
5.5349999999999996e-002 0.0000000000000000e+000 0.0000000000000000e+000  2.0772295129427346e-003
5.5400000000000005e-002 0.0000000000000000e+000 0.0000000000000000e+000  2.0569189676825873e-003
5.5449999999999999e-002 0.0000000000000000e+000 0.0000000000000000e+000  2.0339087495813276e-003
5.5500000000000001e-002 0.0000000000000000e+000 0.0000000000000000e+000  2.0081988586389474e-003
5.5550000000000002e-002 0.0000000000000000e+000 0.0000000000000000e+000  1.9797892948554500e-003
5.5599999999999997e-002 0.0000000000000000e+000 0.0000000000000000e+000  1.9486800582308370e-003
5.5650000000000005e-002 0.0000000000000000e+000 0.0000000000000000e+000  1.9148711487650988e-003
5.5700000000000000e-002 0.0000000000000000e+000 0.0000000000000000e+000  1.8783625664582516e-003
5.5750000000000001e-002 0.0000000000000000e+000 0.0000000000000000e+000  1.8391543113102809e-003
5.5800000000000002e-002 0.0000000000000000e+000 0.0000000000000000e+000  1.7972463833211935e-003
5.5849999999999997e-002 0.0000000000000000e+000 0.0000000000000000e+000  1.7526387824909940e-003
5.5900000000000005e-002 0.0000000000000000e+000 0.0000000000000000e+000  1.7053315088196633e-003
5.5950000000000000e-002 0.0000000000000000e+000 0.0000000000000000e+000  1.6553245623072282e-003
5.6000000000000001e-002 0.0000000000000000e+000 0.0000000000000000e+000  1.6026179429536689e-003
5.6050000000000003e-002 0.0000000000000000e+000 0.0000000000000000e+000  1.5472116507589911e-003
5.6099999999999997e-002 0.0000000000000000e+000 0.0000000000000000e+000  1.4891056857232036e-003
5.6150000000000005e-002 0.0000000000000000e+000 0.0000000000000000e+000  1.4283000478462814e-003
5.6200000000000000e-002 0.0000000000000000e+000 0.0000000000000000e+000  1.3647947371282589e-003
5.6250000000000001e-002 0.0000000000000000e+000 0.0000000000000000e+000  1.2985897535691096e-003
5.6300000000000003e-002 0.0000000000000000e+000 0.0000000000000000e+000  1.2296850971688421e-003
5.6349999999999997e-002 0.0000000000000000e+000 0.0000000000000000e+000  1.1580807679274670e-003
5.6400000000000006e-002 0.0000000000000000e+000 0.0000000000000000e+000  1.0837767658449530e-003
5.6450000000000000e-002 0.0000000000000000e+000 0.0000000000000000e+000  1.0067730909213424e-003
